base_link: base_link
base_tform: !!python/object/apply:sip._unpickle_type
- PyKDL
- Frame
- !!python/tuple
  - !!python/object/apply:sip._unpickle_type
    - PyKDL
    - Rotation
    - !!python/tuple [0.7071761897835768, -0.7070373657758, -1.1102230246251565e-16,
      -0.4998786726697512, -0.4999768218823689, -0.7072089437997329, 0.500023148677249,
      0.5001213262571629, -0.7070046038108001]
  - !!python/object/apply:sip._unpickle_type
    - PyKDL
    - Vector
    - !!python/tuple [0.0, 0.0, 1.4605]
diff_indices:
  diff_link: !!python/tuple [16, 9]
  diff_node: !!python/tuple [24, 17]
  link: !!python/tuple [0, 8]
  node: !!python/tuple [8, 16]
end_link: ee_fixed_link
gripper_cmds: []
indices:
  link: !!python/tuple [0, 8]
  node: !!python/tuple [8, 16]
joint_states:
- !!python/object/new:sensor_msgs.msg._JointState.JointState
  state:
  - !!python/object/new:std_msgs.msg._Header.Header
    state:
    - 10699
    - !!python/object/new:genpy.rostime.Time
      state: [1456533590, 745429039]
    - robot_secondary_interface_data
  - [shoulder_pan_joint, shoulder_lift_joint, elbow_joint, wrist_1_joint, wrist_2_joint,
    wrist_3_joint]
  - !!python/tuple [-1.1725426367487835, -2.782929186281915, -1.2639384712318134,
    4.747406777496593, 0.1523203494339206, -2.157792099367523]
  - !!python/tuple [0.0, 0.0, 0.0, 0.0, 0.0, 0.0]
  - !!python/tuple [0.0, 0.0, 0.0, 0.0, 0.0, 0.0]
- !!python/object/new:sensor_msgs.msg._JointState.JointState
  state:
  - !!python/object/new:std_msgs.msg._Header.Header
    state:
    - 10700
    - !!python/object/new:genpy.rostime.Time
      state: [1456533590, 778893947]
    - robot_secondary_interface_data
  - [shoulder_pan_joint, shoulder_lift_joint, elbow_joint, wrist_1_joint, wrist_2_joint,
    wrist_3_joint]
  - !!python/tuple [-1.1725426367487835, -2.782929186281915, -1.2639384712318134,
    4.747406777496593, 0.1523203494339206, -2.157792099367523]
  - !!python/tuple [0.0, 0.0, 0.0, 0.0, 0.0, 0.0]
  - !!python/tuple [0.0, 0.0, 0.0, 0.0, 0.0, 0.0]
- !!python/object/new:sensor_msgs.msg._JointState.JointState
  state:
  - !!python/object/new:std_msgs.msg._Header.Header
    state:
    - 10701
    - !!python/object/new:genpy.rostime.Time
      state: [1456533590, 817532062]
    - robot_secondary_interface_data
  - [shoulder_pan_joint, shoulder_lift_joint, elbow_joint, wrist_1_joint, wrist_2_joint,
    wrist_3_joint]
  - !!python/tuple [-1.1725426367487835, -2.782929186281915, -1.2639384712318134,
    4.747406777496593, 0.1523203494339206, -2.157792099367523]
  - !!python/tuple [0.0, 0.0, 0.0, 0.0, 0.0, 0.0]
  - !!python/tuple [0.0, 0.0, 0.0, 0.0, 0.0, 0.0]
- !!python/object/new:sensor_msgs.msg._JointState.JointState
  state:
  - !!python/object/new:std_msgs.msg._Header.Header
    state:
    - 10702
    - !!python/object/new:genpy.rostime.Time
      state: [1456533590, 857697010]
    - robot_secondary_interface_data
  - [shoulder_pan_joint, shoulder_lift_joint, elbow_joint, wrist_1_joint, wrist_2_joint,
    wrist_3_joint]
  - !!python/tuple [-1.1725426367487835, -2.782929186281915, -1.2639384712318134,
    4.747406777496593, 0.1523203494339206, -2.157792099367523]
  - !!python/tuple [0.0, 0.0, 0.0, 0.0, 0.0, 0.0]
  - !!python/tuple [0.0, 0.0, 0.0, 0.0, 0.0, 0.0]
- !!python/object/new:sensor_msgs.msg._JointState.JointState
  state:
  - !!python/object/new:std_msgs.msg._Header.Header
    state:
    - 10703
    - !!python/object/new:genpy.rostime.Time
      state: [1456533590, 905884981]
    - robot_secondary_interface_data
  - [shoulder_pan_joint, shoulder_lift_joint, elbow_joint, wrist_1_joint, wrist_2_joint,
    wrist_3_joint]
  - !!python/tuple [-1.1725426367487835, -2.782929186281915, -1.2639384712318134,
    4.747406777496593, 0.1523203494339206, -2.157792099367523]
  - !!python/tuple [0.0, 0.0, 0.0, 0.0, 0.0, 0.0]
  - !!python/tuple [0.0, 0.0, 0.0, 0.0, 0.0, 0.0]
- !!python/object/new:sensor_msgs.msg._JointState.JointState
  state:
  - !!python/object/new:std_msgs.msg._Header.Header
    state:
    - 10704
    - !!python/object/new:genpy.rostime.Time
      state: [1456533590, 946034908]
    - robot_secondary_interface_data
  - [shoulder_pan_joint, shoulder_lift_joint, elbow_joint, wrist_1_joint, wrist_2_joint,
    wrist_3_joint]
  - !!python/tuple [-1.1725426367487835, -2.782929186281915, -1.2639384712318134,
    4.747406777496593, 0.1523203494339206, -2.157792099367523]
  - !!python/tuple [0.0, 0.0, 0.0, 0.0, 0.0, 0.0]
  - !!python/tuple [0.0, 0.0, 0.0, 0.0, 0.0, 0.0]
- !!python/object/new:sensor_msgs.msg._JointState.JointState
  state:
  - !!python/object/new:std_msgs.msg._Header.Header
    state:
    - 10705
    - !!python/object/new:genpy.rostime.Time
      state: [1456533590, 979799985]
    - robot_secondary_interface_data
  - [shoulder_pan_joint, shoulder_lift_joint, elbow_joint, wrist_1_joint, wrist_2_joint,
    wrist_3_joint]
  - !!python/tuple [-1.1725426367487835, -2.782929186281915, -1.2639384712318134,
    4.747406777496593, 0.1523203494339206, -2.157792099367523]
  - !!python/tuple [0.0, 0.0, 0.0, 0.0, 0.0, 0.0]
  - !!python/tuple [0.0, 0.0, 0.0, 0.0, 0.0, 0.0]
- !!python/object/new:sensor_msgs.msg._JointState.JointState
  state:
  - !!python/object/new:std_msgs.msg._Header.Header
    state:
    - 10706
    - !!python/object/new:genpy.rostime.Time
      state: [1456533591, 18244028]
    - robot_secondary_interface_data
  - [shoulder_pan_joint, shoulder_lift_joint, elbow_joint, wrist_1_joint, wrist_2_joint,
    wrist_3_joint]
  - !!python/tuple [-1.1725426367487835, -2.782929186281915, -1.2639384712318134,
    4.747406777496593, 0.1523203494339206, -2.157792099367523]
  - !!python/tuple [0.0, 0.0, 0.0, 0.0, 0.0, 0.0]
  - !!python/tuple [0.0, 0.0, 0.0, 0.0, 0.0, 0.0]
- !!python/object/new:sensor_msgs.msg._JointState.JointState
  state:
  - !!python/object/new:std_msgs.msg._Header.Header
    state:
    - 10707
    - !!python/object/new:genpy.rostime.Time
      state: [1456533591, 67094087]
    - robot_secondary_interface_data
  - [shoulder_pan_joint, shoulder_lift_joint, elbow_joint, wrist_1_joint, wrist_2_joint,
    wrist_3_joint]
  - !!python/tuple [-1.1725426367487835, -2.782929186281915, -1.2639384712318134,
    4.747406777496593, 0.1523203494339206, -2.157792099367523]
  - !!python/tuple [0.0, 0.0, 0.0, 0.0, 0.0, 0.0]
  - !!python/tuple [0.0, 0.0, 0.0, 0.0, 0.0, 0.0]
- !!python/object/new:sensor_msgs.msg._JointState.JointState
  state:
  - !!python/object/new:std_msgs.msg._Header.Header
    state:
    - 10708
    - !!python/object/new:genpy.rostime.Time
      state: [1456533591, 106812000]
    - robot_secondary_interface_data
  - [shoulder_pan_joint, shoulder_lift_joint, elbow_joint, wrist_1_joint, wrist_2_joint,
    wrist_3_joint]
  - !!python/tuple [-1.1725426367487835, -2.782929186281915, -1.2639384712318134,
    4.747406777496593, 0.1523203494339206, -2.157792099367523]
  - !!python/tuple [0.0, 0.0, 0.0, 0.0, 0.0, 0.0]
  - !!python/tuple [0.0, 0.0, 0.0, 0.0, 0.0, 0.0]
- !!python/object/new:sensor_msgs.msg._JointState.JointState
  state:
  - !!python/object/new:std_msgs.msg._Header.Header
    state:
    - 10709
    - !!python/object/new:genpy.rostime.Time
      state: [1456533591, 146888017]
    - robot_secondary_interface_data
  - [shoulder_pan_joint, shoulder_lift_joint, elbow_joint, wrist_1_joint, wrist_2_joint,
    wrist_3_joint]
  - !!python/tuple [-1.1725426367487835, -2.782929186281915, -1.2639384712318134,
    4.747406777496593, 0.1523203494339206, -2.157792099367523]
  - !!python/tuple [0.0, 0.0, 0.0, 0.0, 0.0, 0.0]
  - !!python/tuple [0.0, 0.0, 0.0, 0.0, 0.0, 0.0]
- !!python/object/new:sensor_msgs.msg._JointState.JointState
  state:
  - !!python/object/new:std_msgs.msg._Header.Header
    state:
    - 10710
    - !!python/object/new:genpy.rostime.Time
      state: [1456533591, 180882930]
    - robot_secondary_interface_data
  - [shoulder_pan_joint, shoulder_lift_joint, elbow_joint, wrist_1_joint, wrist_2_joint,
    wrist_3_joint]
  - !!python/tuple [-1.1725426367487835, -2.782929186281915, -1.2639384712318134,
    4.747406777496593, 0.1523203494339206, -2.157792099367523]
  - !!python/tuple [0.0, 0.0, 0.0, 0.0, 0.0, 0.0]
  - !!python/tuple [0.0, 0.0, 0.0, 0.0, 0.0, 0.0]
- !!python/object/new:sensor_msgs.msg._JointState.JointState
  state:
  - !!python/object/new:std_msgs.msg._Header.Header
    state:
    - 10711
    - !!python/object/new:genpy.rostime.Time
      state: [1456533591, 214569091]
    - robot_secondary_interface_data
  - [shoulder_pan_joint, shoulder_lift_joint, elbow_joint, wrist_1_joint, wrist_2_joint,
    wrist_3_joint]
  - !!python/tuple [-1.1725426367487835, -2.782929186281915, -1.2639384712318134,
    4.747406777496593, 0.1523203494339206, -2.157792099367523]
  - !!python/tuple [0.0, 0.0, 0.0, 0.0, 0.0, 0.0]
  - !!python/tuple [0.0, 0.0, 0.0, 0.0, 0.0, 0.0]
- !!python/object/new:sensor_msgs.msg._JointState.JointState
  state:
  - !!python/object/new:std_msgs.msg._Header.Header
    state:
    - 10712
    - !!python/object/new:genpy.rostime.Time
      state: [1456533591, 260843992]
    - robot_secondary_interface_data
  - [shoulder_pan_joint, shoulder_lift_joint, elbow_joint, wrist_1_joint, wrist_2_joint,
    wrist_3_joint]
  - !!python/tuple [-1.1725426367487835, -2.782929186281915, -1.2639384712318134,
    4.747406777496593, 0.1523203494339206, -2.157792099367523]
  - !!python/tuple [0.0, 0.0, 0.0, 0.0, 0.0, 0.0]
  - !!python/tuple [0.0, 0.0, 0.0, 0.0, 0.0, 0.0]
manip_obj: null
max_index: 16
objects: {link: 'Obj::link_uniform::1', node: 'Obj::node_uniform::1'}
robot_description_param: robot_description
times:
- !!python/object/new:rospy.rostime.Time
  state: [1456533590, 746005058]
- !!python/object/new:rospy.rostime.Time
  state: [1456533590, 779159069]
- !!python/object/new:rospy.rostime.Time
  state: [1456533590, 819173097]
- !!python/object/new:rospy.rostime.Time
  state: [1456533590, 858150005]
- !!python/object/new:rospy.rostime.Time
  state: [1456533590, 906219959]
- !!python/object/new:rospy.rostime.Time
  state: [1456533590, 946403026]
- !!python/object/new:rospy.rostime.Time
  state: [1456533590, 980597972]
- !!python/object/new:rospy.rostime.Time
  state: [1456533591, 18874883]
- !!python/object/new:rospy.rostime.Time
  state: [1456533591, 67434072]
- !!python/object/new:rospy.rostime.Time
  state: [1456533591, 107218027]
- !!python/object/new:rospy.rostime.Time
  state: [1456533591, 147962093]
- !!python/object/new:rospy.rostime.Time
  state: [1456533591, 181552886]
- !!python/object/new:rospy.rostime.Time
  state: [1456533591, 214931964]
- !!python/object/new:rospy.rostime.Time
  state: [1456533591, 261413097]
world_frame: /world
world_states:
- link: !!python/object/apply:sip._unpickle_type
  - PyKDL
  - Frame
  - !!python/tuple
    - !!python/object/apply:sip._unpickle_type
      - PyKDL
      - Rotation
      - !!python/tuple [0.5554721044579632, 0.8310221766109512, -0.029204163227841973,
        -0.5895027623852901, 0.4183194261684343, 0.6910103840248885, 0.5864616221963324,
        -0.3666210573206465, 0.72225464070502]
    - !!python/object/apply:sip._unpickle_type
      - PyKDL
      - Vector
      - !!python/tuple [0.4802392462658152, 0.6036828679510006, 1.168203150956677]
  node: !!python/object/apply:sip._unpickle_type
  - PyKDL
  - Frame
  - !!python/tuple
    - !!python/object/apply:sip._unpickle_type
      - PyKDL
      - Rotation
      - !!python/tuple [-0.7396240947685394, -0.03072733006117434, 0.6723183989934607,
        0.4714909669111915, 0.6891928472578491, 0.5501904101397703, -0.48026291399499943,
        0.72392613606357, -0.4952559772128965]
    - !!python/object/apply:sip._unpickle_type
      - PyKDL
      - Vector
      - !!python/tuple [0.5516368893341127, 0.5924241329854114, 1.2963649675744136]
- link: !!python/object/apply:sip._unpickle_type
  - PyKDL
  - Frame
  - !!python/tuple
    - !!python/object/apply:sip._unpickle_type
      - PyKDL
      - Rotation
      - !!python/tuple [0.5554721044579632, 0.8310221766109512, -0.029204163227841973,
        -0.5895027623852901, 0.4183194261684343, 0.6910103840248885, 0.5864616221963324,
        -0.3666210573206465, 0.72225464070502]
    - !!python/object/apply:sip._unpickle_type
      - PyKDL
      - Vector
      - !!python/tuple [0.4802392462658152, 0.6036828679510006, 1.1682031509566766]
  node: !!python/object/apply:sip._unpickle_type
  - PyKDL
  - Frame
  - !!python/tuple
    - !!python/object/apply:sip._unpickle_type
      - PyKDL
      - Rotation
      - !!python/tuple [-0.7396240947685394, -0.03072733006117434, 0.6723183989934607,
        0.4714909669111915, 0.6891928472578491, 0.5501904101397703, -0.48026291399499943,
        0.72392613606357, -0.4952559772128965]
    - !!python/object/apply:sip._unpickle_type
      - PyKDL
      - Vector
      - !!python/tuple [0.5516368893341127, 0.5924241329854114, 1.2963649675744136]
- link: !!python/object/apply:sip._unpickle_type
  - PyKDL
  - Frame
  - !!python/tuple
    - !!python/object/apply:sip._unpickle_type
      - PyKDL
      - Rotation
      - !!python/tuple [0.5554721044579632, 0.8310221766109512, -0.029204163227841973,
        -0.5895027623852901, 0.4183194261684343, 0.6910103840248885, 0.5864616221963324,
        -0.3666210573206465, 0.72225464070502]
    - !!python/object/apply:sip._unpickle_type
      - PyKDL
      - Vector
      - !!python/tuple [0.4802392462658152, 0.6036828679510006, 1.1682031509566766]
  node: !!python/object/apply:sip._unpickle_type
  - PyKDL
  - Frame
  - !!python/tuple
    - !!python/object/apply:sip._unpickle_type
      - PyKDL
      - Rotation
      - !!python/tuple [-0.7396240947685394, -0.03072733006117434, 0.6723183989934607,
        0.4714909669111915, 0.6891928472578491, 0.5501904101397703, -0.48026291399499943,
        0.72392613606357, -0.4952559772128965]
    - !!python/object/apply:sip._unpickle_type
      - PyKDL
      - Vector
      - !!python/tuple [0.5516368893341127, 0.5924241329854114, 1.2963649675744136]
- link: !!python/object/apply:sip._unpickle_type
  - PyKDL
  - Frame
  - !!python/tuple
    - !!python/object/apply:sip._unpickle_type
      - PyKDL
      - Rotation
      - !!python/tuple [0.5554721044579632, 0.8310221766109512, -0.029204163227841973,
        -0.5895027623852901, 0.4183194261684343, 0.6910103840248885, 0.5864616221963324,
        -0.3666210573206465, 0.72225464070502]
    - !!python/object/apply:sip._unpickle_type
      - PyKDL
      - Vector
      - !!python/tuple [0.4802392462658152, 0.6036828679510006, 1.168203150956677]
  node: !!python/object/apply:sip._unpickle_type
  - PyKDL
  - Frame
  - !!python/tuple
    - !!python/object/apply:sip._unpickle_type
      - PyKDL
      - Rotation
      - !!python/tuple [-0.7396240947685394, -0.03072733006117434, 0.6723183989934607,
        0.4714909669111915, 0.6891928472578491, 0.5501904101397703, -0.48026291399499943,
        0.72392613606357, -0.4952559772128965]
    - !!python/object/apply:sip._unpickle_type
      - PyKDL
      - Vector
      - !!python/tuple [0.5516368893341126, 0.5924241329854114, 1.2963649675744136]
- link: !!python/object/apply:sip._unpickle_type
  - PyKDL
  - Frame
  - !!python/tuple
    - !!python/object/apply:sip._unpickle_type
      - PyKDL
      - Rotation
      - !!python/tuple [0.5554721044579632, 0.8310221766109512, -0.029204163227841973,
        -0.5895027623852901, 0.4183194261684343, 0.6910103840248885, 0.5864616221963324,
        -0.3666210573206465, 0.72225464070502]
    - !!python/object/apply:sip._unpickle_type
      - PyKDL
      - Vector
      - !!python/tuple [0.4802392462658154, 0.6036828679510005, 1.168203150956677]
  node: !!python/object/apply:sip._unpickle_type
  - PyKDL
  - Frame
  - !!python/tuple
    - !!python/object/apply:sip._unpickle_type
      - PyKDL
      - Rotation
      - !!python/tuple [-0.7396240947685394, -0.03072733006117434, 0.6723183989934607,
        0.4714909669111915, 0.6891928472578491, 0.5501904101397703, -0.48026291399499943,
        0.72392613606357, -0.4952559772128965]
    - !!python/object/apply:sip._unpickle_type
      - PyKDL
      - Vector
      - !!python/tuple [0.5516368893341126, 0.5924241329854114, 1.2963649675744136]
- link: !!python/object/apply:sip._unpickle_type
  - PyKDL
  - Frame
  - !!python/tuple
    - !!python/object/apply:sip._unpickle_type
      - PyKDL
      - Rotation
      - !!python/tuple [0.5554721044579632, 0.8310221766109512, -0.029204163227841973,
        -0.5895027623852901, 0.4183194261684343, 0.6910103840248885, 0.5864616221963324,
        -0.3666210573206465, 0.72225464070502]
    - !!python/object/apply:sip._unpickle_type
      - PyKDL
      - Vector
      - !!python/tuple [0.4802392462658154, 0.6036828679510005, 1.168203150956677]
  node: !!python/object/apply:sip._unpickle_type
  - PyKDL
  - Frame
  - !!python/tuple
    - !!python/object/apply:sip._unpickle_type
      - PyKDL
      - Rotation
      - !!python/tuple [-0.7396240947685394, -0.03072733006117434, 0.6723183989934607,
        0.4714909669111915, 0.6891928472578491, 0.5501904101397703, -0.48026291399499943,
        0.72392613606357, -0.4952559772128965]
    - !!python/object/apply:sip._unpickle_type
      - PyKDL
      - Vector
      - !!python/tuple [0.5516368893341126, 0.5924241329854114, 1.2963649675744136]
- link: !!python/object/apply:sip._unpickle_type
  - PyKDL
  - Frame
  - !!python/tuple
    - !!python/object/apply:sip._unpickle_type
      - PyKDL
      - Rotation
      - !!python/tuple [0.5554721044579632, 0.8310221766109512, -0.029204163227841973,
        -0.5895027623852901, 0.4183194261684343, 0.6910103840248885, 0.5864616221963324,
        -0.3666210573206465, 0.72225464070502]
    - !!python/object/apply:sip._unpickle_type
      - PyKDL
      - Vector
      - !!python/tuple [0.4802392462658152, 0.6036828679510006, 1.168203150956677]
  node: !!python/object/apply:sip._unpickle_type
  - PyKDL
  - Frame
  - !!python/tuple
    - !!python/object/apply:sip._unpickle_type
      - PyKDL
      - Rotation
      - !!python/tuple [-0.7396240947685394, -0.03072733006117434, 0.6723183989934607,
        0.4714909669111915, 0.6891928472578491, 0.5501904101397703, -0.48026291399499943,
        0.72392613606357, -0.4952559772128965]
    - !!python/object/apply:sip._unpickle_type
      - PyKDL
      - Vector
      - !!python/tuple [0.5516368893341126, 0.5924241329854114, 1.2963649675744136]
- link: !!python/object/apply:sip._unpickle_type
  - PyKDL
  - Frame
  - !!python/tuple
    - !!python/object/apply:sip._unpickle_type
      - PyKDL
      - Rotation
      - !!python/tuple [0.5554721044579632, 0.8310221766109512, -0.029204163227841973,
        -0.5895027623852901, 0.4183194261684343, 0.6910103840248885, 0.5864616221963324,
        -0.3666210573206465, 0.72225464070502]
    - !!python/object/apply:sip._unpickle_type
      - PyKDL
      - Vector
      - !!python/tuple [0.4802392462658152, 0.6036828679510006, 1.168203150956677]
  node: !!python/object/apply:sip._unpickle_type
  - PyKDL
  - Frame
  - !!python/tuple
    - !!python/object/apply:sip._unpickle_type
      - PyKDL
      - Rotation
      - !!python/tuple [-0.7396240947685394, -0.03072733006117434, 0.6723183989934607,
        0.4714909669111915, 0.6891928472578491, 0.5501904101397703, -0.48026291399499943,
        0.72392613606357, -0.4952559772128965]
    - !!python/object/apply:sip._unpickle_type
      - PyKDL
      - Vector
      - !!python/tuple [0.5516368893341126, 0.5924241329854114, 1.2963649675744136]
- link: !!python/object/apply:sip._unpickle_type
  - PyKDL
  - Frame
  - !!python/tuple
    - !!python/object/apply:sip._unpickle_type
      - PyKDL
      - Rotation
      - !!python/tuple [0.5554721044579632, 0.8310221766109512, -0.029204163227841973,
        -0.5895027623852901, 0.4183194261684343, 0.6910103840248885, 0.5864616221963324,
        -0.3666210573206465, 0.72225464070502]
    - !!python/object/apply:sip._unpickle_type
      - PyKDL
      - Vector
      - !!python/tuple [0.4802392462658152, 0.6036828679510006, 1.168203150956677]
  node: !!python/object/apply:sip._unpickle_type
  - PyKDL
  - Frame
  - !!python/tuple
    - !!python/object/apply:sip._unpickle_type
      - PyKDL
      - Rotation
      - !!python/tuple [-0.7396240947685394, -0.03072733006117434, 0.6723183989934607,
        0.4714909669111915, 0.6891928472578491, 0.5501904101397703, -0.48026291399499943,
        0.72392613606357, -0.4952559772128965]
    - !!python/object/apply:sip._unpickle_type
      - PyKDL
      - Vector
      - !!python/tuple [0.5516368893341126, 0.5924241329854114, 1.2963649675744136]
- link: !!python/object/apply:sip._unpickle_type
  - PyKDL
  - Frame
  - !!python/tuple
    - !!python/object/apply:sip._unpickle_type
      - PyKDL
      - Rotation
      - !!python/tuple [0.5554721044579632, 0.8310221766109512, -0.029204163227841973,
        -0.5895027623852901, 0.4183194261684343, 0.6910103840248885, 0.5864616221963324,
        -0.3666210573206465, 0.72225464070502]
    - !!python/object/apply:sip._unpickle_type
      - PyKDL
      - Vector
      - !!python/tuple [0.4802392462658152, 0.6036828679510006, 1.168203150956677]
  node: !!python/object/apply:sip._unpickle_type
  - PyKDL
  - Frame
  - !!python/tuple
    - !!python/object/apply:sip._unpickle_type
      - PyKDL
      - Rotation
      - !!python/tuple [-0.7396240947685394, -0.03072733006117434, 0.6723183989934607,
        0.4714909669111915, 0.6891928472578491, 0.5501904101397703, -0.48026291399499943,
        0.72392613606357, -0.4952559772128965]
    - !!python/object/apply:sip._unpickle_type
      - PyKDL
      - Vector
      - !!python/tuple [0.5516368893341126, 0.5924241329854114, 1.2963649675744136]
- link: !!python/object/apply:sip._unpickle_type
  - PyKDL
  - Frame
  - !!python/tuple
    - !!python/object/apply:sip._unpickle_type
      - PyKDL
      - Rotation
      - !!python/tuple [0.5554721044579632, 0.8310221766109512, -0.029204163227841973,
        -0.5895027623852901, 0.4183194261684343, 0.6910103840248885, 0.5864616221963324,
        -0.3666210573206465, 0.72225464070502]
    - !!python/object/apply:sip._unpickle_type
      - PyKDL
      - Vector
      - !!python/tuple [0.4802392462658152, 0.6036828679510006, 1.168203150956677]
  node: !!python/object/apply:sip._unpickle_type
  - PyKDL
  - Frame
  - !!python/tuple
    - !!python/object/apply:sip._unpickle_type
      - PyKDL
      - Rotation
      - !!python/tuple [-0.7396240947685394, -0.03072733006117434, 0.6723183989934607,
        0.4714909669111915, 0.6891928472578491, 0.5501904101397703, -0.48026291399499943,
        0.72392613606357, -0.4952559772128965]
    - !!python/object/apply:sip._unpickle_type
      - PyKDL
      - Vector
      - !!python/tuple [0.5516368893341126, 0.5924241329854114, 1.2963649675744136]
- link: !!python/object/apply:sip._unpickle_type
  - PyKDL
  - Frame
  - !!python/tuple
    - !!python/object/apply:sip._unpickle_type
      - PyKDL
      - Rotation
      - !!python/tuple [0.5554721044579632, 0.8310221766109512, -0.029204163227841973,
        -0.5895027623852901, 0.4183194261684343, 0.6910103840248885, 0.5864616221963324,
        -0.3666210573206465, 0.72225464070502]
    - !!python/object/apply:sip._unpickle_type
      - PyKDL
      - Vector
      - !!python/tuple [0.4802392462658154, 0.6036828679510005, 1.168203150956677]
  node: !!python/object/apply:sip._unpickle_type
  - PyKDL
  - Frame
  - !!python/tuple
    - !!python/object/apply:sip._unpickle_type
      - PyKDL
      - Rotation
      - !!python/tuple [-0.7396240947685394, -0.03072733006117434, 0.6723183989934607,
        0.4714909669111915, 0.6891928472578491, 0.5501904101397703, -0.48026291399499943,
        0.72392613606357, -0.4952559772128965]
    - !!python/object/apply:sip._unpickle_type
      - PyKDL
      - Vector
      - !!python/tuple [0.5516368893341126, 0.5924241329854113, 1.2963649675744138]
- link: !!python/object/apply:sip._unpickle_type
  - PyKDL
  - Frame
  - !!python/tuple
    - !!python/object/apply:sip._unpickle_type
      - PyKDL
      - Rotation
      - !!python/tuple [0.5554721044579632, 0.8310221766109512, -0.029204163227841973,
        -0.5895027623852901, 0.4183194261684343, 0.6910103840248885, 0.5864616221963324,
        -0.3666210573206465, 0.72225464070502]
    - !!python/object/apply:sip._unpickle_type
      - PyKDL
      - Vector
      - !!python/tuple [0.4802392462658154, 0.6036828679510005, 1.168203150956677]
  node: !!python/object/apply:sip._unpickle_type
  - PyKDL
  - Frame
  - !!python/tuple
    - !!python/object/apply:sip._unpickle_type
      - PyKDL
      - Rotation
      - !!python/tuple [-0.7396240947685394, -0.03072733006117434, 0.6723183989934607,
        0.4714909669111915, 0.6891928472578491, 0.5501904101397703, -0.48026291399499943,
        0.72392613606357, -0.4952559772128965]
    - !!python/object/apply:sip._unpickle_type
      - PyKDL
      - Vector
      - !!python/tuple [0.5516368893341126, 0.5924241329854113, 1.2963649675744138]
- link: !!python/object/apply:sip._unpickle_type
  - PyKDL
  - Frame
  - !!python/tuple
    - !!python/object/apply:sip._unpickle_type
      - PyKDL
      - Rotation
      - !!python/tuple [0.5554721044579632, 0.8310221766109512, -0.029204163227841973,
        -0.5895027623852901, 0.4183194261684343, 0.6910103840248885, 0.5864616221963324,
        -0.3666210573206465, 0.72225464070502]
    - !!python/object/apply:sip._unpickle_type
      - PyKDL
      - Vector
      - !!python/tuple [0.4802392462658152, 0.6036828679510006, 1.168203150956677]
  node: !!python/object/apply:sip._unpickle_type
  - PyKDL
  - Frame
  - !!python/tuple
    - !!python/object/apply:sip._unpickle_type
      - PyKDL
      - Rotation
      - !!python/tuple [-0.7396240947685394, -0.03072733006117434, 0.6723183989934607,
        0.4714909669111915, 0.6891928472578491, 0.5501904101397703, -0.48026291399499943,
        0.72392613606357, -0.4952559772128965]
    - !!python/object/apply:sip._unpickle_type
      - PyKDL
      - Vector
      - !!python/tuple [0.5516368893341126, 0.5924241329854114, 1.2963649675744136]
