base_link: wam/base_link
base_tform: !!python/object/apply:sip._unpickle_type
- PyKDL
- Frame
- !!python/tuple
  - !!python/object/apply:sip._unpickle_type
    - PyKDL
    - Rotation
    - !!python/tuple [2.220446049250313e-16, -2.220446049250313e-16, 1.0, 1.0, 0.0,
      -2.220446049250313e-16, 0.0, 1.0, 2.220446049250313e-16]
  - !!python/object/apply:sip._unpickle_type
    - PyKDL
    - Vector
    - !!python/tuple [0.0, 0.46, 1.0]
diff_indices:
  agent: !!python/tuple [16, 24]
  diff_agent: !!python/tuple [32, 25]
  diff_link: !!python/tuple [16, 9]
  diff_node: !!python/tuple [24, 17]
  link: !!python/tuple [0, 8]
  node: !!python/tuple [8, 16]
end_link: wam/wrist_palm_link
gripper_cmds: []
indices:
  agent: !!python/tuple [16, 24]
  link: !!python/tuple [0, 8]
  node: !!python/tuple [8, 16]
joint_states:
- &id001 !!python/object/new:sensor_msgs.msg._JointState.JointState
  state:
  - !!python/object/new:std_msgs.msg._Header.Header
    state:
    - 4969234
    - !!python/object/new:genpy.rostime.Time
      state: [1456269856, 192210942]
    - ''
  - [wam/base_yaw_joint, wam/shoulder_pitch_joint, wam/shoulder_yaw_joint, wam/elbow_pitch_joint,
    wam/wrist_yaw_joint, wam/wrist_pitch_joint, wam/palm_yaw_joint]
  - !!python/tuple [1.1748699220612293, -1.4137292392863525, -0.9892037811268448,
    2.0108581682316995, -1.284189478103098, 0.5818603842411179, 1.6567912111323304]
  - !!python/tuple [0.0023031604185779087, -0.0005853354679772338, -0.0012873093703465676,
    0.0012342012624295374, -0.0011106568746903603, -0.0018350712854308937, -0.0009132361199760642]
  - !!python/tuple [-0.8620726392274359, 8.168708786609074, 3.4414951838398076, 9.328840918971077,
    0.864464353335309, -0.20823028826708873, 0.1400327340905431]
- *id001
- *id001
- *id001
- *id001
- *id001
manip_obj: null
max_index: 24
objects: {agent: wam/wrist_palm_link, link: gbeam_link_1/gbeam_link, node: gbeam_node_1/gbeam_node}
robot_description_param: robot_description
times:
- &id002 !!python/object/new:rospy.rostime.Time
  state: [1456269856, 183934654]
- *id002
- *id002
- *id002
- *id002
- !!python/object/new:rospy.rostime.Time
  state: [1456269856, 194212404]
world_frame: /world
world_states:
- agent: !!python/object/apply:sip._unpickle_type
  - PyKDL
  - Frame
  - !!python/tuple
    - !!python/object/apply:sip._unpickle_type
      - PyKDL
      - Rotation
      - !!python/tuple [-0.03922150278353442, 0.9895768033477891, -0.13856198611225612,
        -0.11583416330699114, 0.13323104192493407, 0.984292606940927, 0.9924938893163883,
        0.05465564695041403, 0.10940127936208602]
    - !!python/object/apply:sip._unpickle_type
      - PyKDL
      - Vector
      - !!python/tuple [0.6005432090142248, 0.5534228986120773, 0.4965965686789795]
  link: !!python/object/apply:sip._unpickle_type
  - PyKDL
  - Frame
  - !!python/tuple
    - !!python/object/apply:sip._unpickle_type
      - PyKDL
      - Rotation
      - !!python/tuple [0.9995920682670045, 0.0021766827653096604, -0.02847734379873837,
        -0.028527169210079063, 0.12418648193515372, -0.9918487376215334, 0.00137756108824825,
        0.9922565090523262, 0.12419791692592594]
    - !!python/object/apply:sip._unpickle_type
      - PyKDL
      - Vector
      - !!python/tuple [0.5998557886214313, 0.7153116658187108, 0.4779327742002538]
  node: !!python/object/apply:sip._unpickle_type
  - PyKDL
  - Frame
  - !!python/tuple
    - !!python/object/apply:sip._unpickle_type
      - PyKDL
      - Rotation
      - !!python/tuple [1.0, 0.0, 0.0, 0.0, 1.0, 0.0, 0.0, 0.0, 1.0]
    - !!python/object/apply:sip._unpickle_type
      - PyKDL
      - Vector
      - !!python/tuple [0.4, 0.6, 0.4]
- agent: !!python/object/apply:sip._unpickle_type
  - PyKDL
  - Frame
  - !!python/tuple
    - !!python/object/apply:sip._unpickle_type
      - PyKDL
      - Rotation
      - !!python/tuple [-0.03922150278353442, 0.9895768033477891, -0.13856198611225612,
        -0.11583416330699114, 0.13323104192493407, 0.984292606940927, 0.9924938893163883,
        0.05465564695041403, 0.10940127936208602]
    - !!python/object/apply:sip._unpickle_type
      - PyKDL
      - Vector
      - !!python/tuple [0.6005432090142248, 0.5534228986120773, 0.4965965686789795]
  link: !!python/object/apply:sip._unpickle_type
  - PyKDL
  - Frame
  - !!python/tuple
    - !!python/object/apply:sip._unpickle_type
      - PyKDL
      - Rotation
      - !!python/tuple [0.9995920682670045, 0.0021766827653096604, -0.02847734379873837,
        -0.028527169210079063, 0.12418648193515372, -0.9918487376215334, 0.00137756108824825,
        0.9922565090523262, 0.12419791692592594]
    - !!python/object/apply:sip._unpickle_type
      - PyKDL
      - Vector
      - !!python/tuple [0.5998557886214313, 0.7153116658187108, 0.4779327742002538]
  node: !!python/object/apply:sip._unpickle_type
  - PyKDL
  - Frame
  - !!python/tuple
    - !!python/object/apply:sip._unpickle_type
      - PyKDL
      - Rotation
      - !!python/tuple [1.0, 0.0, 0.0, 0.0, 1.0, 0.0, 0.0, 0.0, 1.0]
    - !!python/object/apply:sip._unpickle_type
      - PyKDL
      - Vector
      - !!python/tuple [0.4, 0.6, 0.4]
- agent: !!python/object/apply:sip._unpickle_type
  - PyKDL
  - Frame
  - !!python/tuple
    - !!python/object/apply:sip._unpickle_type
      - PyKDL
      - Rotation
      - !!python/tuple [-0.03922150278353442, 0.9895768033477891, -0.13856198611225612,
        -0.11583416330699114, 0.13323104192493407, 0.984292606940927, 0.9924938893163883,
        0.05465564695041403, 0.10940127936208602]
    - !!python/object/apply:sip._unpickle_type
      - PyKDL
      - Vector
      - !!python/tuple [0.6005432090142248, 0.5534228986120773, 0.4965965686789795]
  link: !!python/object/apply:sip._unpickle_type
  - PyKDL
  - Frame
  - !!python/tuple
    - !!python/object/apply:sip._unpickle_type
      - PyKDL
      - Rotation
      - !!python/tuple [0.9995920682670045, 0.0021766827653096604, -0.02847734379873837,
        -0.028527169210079063, 0.12418648193515372, -0.9918487376215334, 0.00137756108824825,
        0.9922565090523262, 0.12419791692592594]
    - !!python/object/apply:sip._unpickle_type
      - PyKDL
      - Vector
      - !!python/tuple [0.5998557886214313, 0.7153116658187108, 0.4779327742002538]
  node: !!python/object/apply:sip._unpickle_type
  - PyKDL
  - Frame
  - !!python/tuple
    - !!python/object/apply:sip._unpickle_type
      - PyKDL
      - Rotation
      - !!python/tuple [1.0, 0.0, 0.0, 0.0, 1.0, 0.0, 0.0, 0.0, 1.0]
    - !!python/object/apply:sip._unpickle_type
      - PyKDL
      - Vector
      - !!python/tuple [0.4, 0.6, 0.4]
- agent: !!python/object/apply:sip._unpickle_type
  - PyKDL
  - Frame
  - !!python/tuple
    - !!python/object/apply:sip._unpickle_type
      - PyKDL
      - Rotation
      - !!python/tuple [-0.03922150278353442, 0.9895768033477891, -0.13856198611225612,
        -0.11583416330699114, 0.13323104192493407, 0.984292606940927, 0.9924938893163883,
        0.05465564695041403, 0.10940127936208602]
    - !!python/object/apply:sip._unpickle_type
      - PyKDL
      - Vector
      - !!python/tuple [0.6005432090142248, 0.5534228986120773, 0.4965965686789795]
  link: !!python/object/apply:sip._unpickle_type
  - PyKDL
  - Frame
  - !!python/tuple
    - !!python/object/apply:sip._unpickle_type
      - PyKDL
      - Rotation
      - !!python/tuple [0.9995920682670045, 0.0021766827653096604, -0.02847734379873837,
        -0.028527169210079063, 0.12418648193515372, -0.9918487376215334, 0.00137756108824825,
        0.9922565090523262, 0.12419791692592594]
    - !!python/object/apply:sip._unpickle_type
      - PyKDL
      - Vector
      - !!python/tuple [0.5998557886214313, 0.7153116658187108, 0.4779327742002538]
  node: !!python/object/apply:sip._unpickle_type
  - PyKDL
  - Frame
  - !!python/tuple
    - !!python/object/apply:sip._unpickle_type
      - PyKDL
      - Rotation
      - !!python/tuple [1.0, 0.0, 0.0, 0.0, 1.0, 0.0, 0.0, 0.0, 1.0]
    - !!python/object/apply:sip._unpickle_type
      - PyKDL
      - Vector
      - !!python/tuple [0.4, 0.6, 0.4]
- agent: !!python/object/apply:sip._unpickle_type
  - PyKDL
  - Frame
  - !!python/tuple
    - !!python/object/apply:sip._unpickle_type
      - PyKDL
      - Rotation
      - !!python/tuple [-0.03922150278353442, 0.9895768033477891, -0.13856198611225612,
        -0.11583416330699114, 0.13323104192493407, 0.984292606940927, 0.9924938893163883,
        0.05465564695041403, 0.10940127936208602]
    - !!python/object/apply:sip._unpickle_type
      - PyKDL
      - Vector
      - !!python/tuple [0.6005432090142248, 0.5534228986120773, 0.4965965686789795]
  link: !!python/object/apply:sip._unpickle_type
  - PyKDL
  - Frame
  - !!python/tuple
    - !!python/object/apply:sip._unpickle_type
      - PyKDL
      - Rotation
      - !!python/tuple [0.9995920682670045, 0.0021766827653096604, -0.02847734379873837,
        -0.028527169210079063, 0.12418648193515372, -0.9918487376215334, 0.00137756108824825,
        0.9922565090523262, 0.12419791692592594]
    - !!python/object/apply:sip._unpickle_type
      - PyKDL
      - Vector
      - !!python/tuple [0.5998557886214313, 0.7153116658187108, 0.4779327742002538]
  node: !!python/object/apply:sip._unpickle_type
  - PyKDL
  - Frame
  - !!python/tuple
    - !!python/object/apply:sip._unpickle_type
      - PyKDL
      - Rotation
      - !!python/tuple [1.0, 0.0, 0.0, 0.0, 1.0, 0.0, 0.0, 0.0, 1.0]
    - !!python/object/apply:sip._unpickle_type
      - PyKDL
      - Vector
      - !!python/tuple [0.4, 0.6, 0.4]
