base_link: wam/base_link
base_tform: !!python/object/apply:sip._unpickle_type
- PyKDL
- Frame
- !!python/tuple
  - !!python/object/apply:sip._unpickle_type
    - PyKDL
    - Rotation
    - !!python/tuple [2.220446049250313e-16, -2.220446049250313e-16, 1.0, 1.0, 0.0,
      -2.220446049250313e-16, 0.0, 1.0, 2.220446049250313e-16]
  - !!python/object/apply:sip._unpickle_type
    - PyKDL
    - Vector
    - !!python/tuple [0.0, 0.46, 1.0]
diff_indices:
  agent: !!python/tuple [16, 24]
  diff_agent: !!python/tuple [32, 25]
  diff_link: !!python/tuple [16, 9]
  diff_node: !!python/tuple [24, 17]
  link: !!python/tuple [0, 8]
  node: !!python/tuple [8, 16]
end_link: wam/wrist_palm_link
gripper_cmds: []
indices:
  agent: !!python/tuple [16, 24]
  link: !!python/tuple [0, 8]
  node: !!python/tuple [8, 16]
joint_states:
- &id001 !!python/object/new:sensor_msgs.msg._JointState.JointState
  state:
  - !!python/object/new:std_msgs.msg._Header.Header
    state:
    - 4940542
    - !!python/object/new:genpy.rostime.Time
      state: [1456269262, 750110022]
    - ''
  - [wam/base_yaw_joint, wam/shoulder_pitch_joint, wam/shoulder_yaw_joint, wam/elbow_pitch_joint,
    wam/wrist_yaw_joint, wam/wrist_pitch_joint, wam/palm_yaw_joint]
  - !!python/tuple [1.5119413213817587, -1.5016733356956822, -0.8022227551151548,
    2.126220623339723, -1.5929488142383184, 1.4044346227917792, 2.148326197526764]
  - !!python/tuple [0.0022138283224122706, -0.0019514468517374602, -0.002022461385601308,
    -0.0031047754139123685, -0.003331804469484609, -0.030147236849220136, -0.013610323195050573]
  - !!python/tuple [4.657153845199582, 8.136958509537326, 2.083388171967725, 7.930348826505107,
    0.7174045559728954, -0.8520794348316464, 0.026868117555116196]
- *id001
- *id001
manip_obj: null
max_index: 24
objects: {agent: wam/wrist_palm_link, link: gbeam_link_1/gbeam_link, node: gbeam_node_1/gbeam_node}
robot_description_param: robot_description
times:
- &id002 !!python/object/new:rospy.rostime.Time
  state: [1456269262, 748610022]
- *id002
- *id002
world_frame: /world
world_states:
- agent: !!python/object/apply:sip._unpickle_type
  - PyKDL
  - Frame
  - !!python/tuple
    - !!python/object/apply:sip._unpickle_type
      - PyKDL
      - Rotation
      - !!python/tuple [-0.006778403646322123, 0.7947970402444904, -0.6068374725267104,
        0.020487609117967376, 0.6068344154882711, 0.7945641887548407, 0.9997671284437378,
        -0.007046772140969715, -0.02039685970330593]
    - !!python/object/apply:sip._unpickle_type
      - PyKDL
      - Vector
      - !!python/tuple [0.6001540500914312, 0.667826440488348, 0.573572940062279]
  link: !!python/object/apply:sip._unpickle_type
  - PyKDL
  - Frame
  - !!python/tuple
    - !!python/object/apply:sip._unpickle_type
      - PyKDL
      - Rotation
      - !!python/tuple [0.8208735230768488, -0.01240012043927502, 0.5709753901215827,
        0.5711078748597054, 0.02056551281447397, -0.8206173620853441, -0.001566647577876279,
        0.9997116067625549, 0.02396349138997808]
    - !!python/object/apply:sip._unpickle_type
      - PyKDL
      - Vector
      - !!python/tuple [0.5106697118604474, 0.7936558771900645, 0.5501581596842795]
  node: !!python/object/apply:sip._unpickle_type
  - PyKDL
  - Frame
  - !!python/tuple
    - !!python/object/apply:sip._unpickle_type
      - PyKDL
      - Rotation
      - !!python/tuple [0.9999998422985698, 0.00014573707809086982, 0.0005423684540997401,
        -0.00014497129275142058, 0.9999989930429601, -0.0014116998229987852, -0.0005425736449653521,
        0.0014116209725157655, 0.9999988564693812]
    - !!python/object/apply:sip._unpickle_type
      - PyKDL
      - Vector
      - !!python/tuple [0.5000015968792306, 0.7999956496722862, 0.3999999825980433]
- agent: !!python/object/apply:sip._unpickle_type
  - PyKDL
  - Frame
  - !!python/tuple
    - !!python/object/apply:sip._unpickle_type
      - PyKDL
      - Rotation
      - !!python/tuple [-0.006778403646322123, 0.7947970402444904, -0.6068374725267104,
        0.020487609117967376, 0.6068344154882711, 0.7945641887548407, 0.9997671284437378,
        -0.007046772140969715, -0.02039685970330593]
    - !!python/object/apply:sip._unpickle_type
      - PyKDL
      - Vector
      - !!python/tuple [0.6001540500914312, 0.667826440488348, 0.573572940062279]
  link: !!python/object/apply:sip._unpickle_type
  - PyKDL
  - Frame
  - !!python/tuple
    - !!python/object/apply:sip._unpickle_type
      - PyKDL
      - Rotation
      - !!python/tuple [0.8208735230768488, -0.01240012043927502, 0.5709753901215827,
        0.5711078748597054, 0.02056551281447397, -0.8206173620853441, -0.001566647577876279,
        0.9997116067625549, 0.02396349138997808]
    - !!python/object/apply:sip._unpickle_type
      - PyKDL
      - Vector
      - !!python/tuple [0.5106697118604474, 0.7936558771900645, 0.5501581596842795]
  node: !!python/object/apply:sip._unpickle_type
  - PyKDL
  - Frame
  - !!python/tuple
    - !!python/object/apply:sip._unpickle_type
      - PyKDL
      - Rotation
      - !!python/tuple [0.9999998422985698, 0.00014573707809086982, 0.0005423684540997401,
        -0.00014497129275142058, 0.9999989930429601, -0.0014116998229987852, -0.0005425736449653521,
        0.0014116209725157655, 0.9999988564693812]
    - !!python/object/apply:sip._unpickle_type
      - PyKDL
      - Vector
      - !!python/tuple [0.5000015968792306, 0.7999956496722862, 0.3999999825980433]
- agent: !!python/object/apply:sip._unpickle_type
  - PyKDL
  - Frame
  - !!python/tuple
    - !!python/object/apply:sip._unpickle_type
      - PyKDL
      - Rotation
      - !!python/tuple [-0.006778403646322123, 0.7947970402444904, -0.6068374725267104,
        0.020487609117967376, 0.6068344154882711, 0.7945641887548407, 0.9997671284437378,
        -0.007046772140969715, -0.02039685970330593]
    - !!python/object/apply:sip._unpickle_type
      - PyKDL
      - Vector
      - !!python/tuple [0.6001540500914312, 0.667826440488348, 0.573572940062279]
  link: !!python/object/apply:sip._unpickle_type
  - PyKDL
  - Frame
  - !!python/tuple
    - !!python/object/apply:sip._unpickle_type
      - PyKDL
      - Rotation
      - !!python/tuple [0.8208735230768488, -0.01240012043927502, 0.5709753901215827,
        0.5711078748597054, 0.02056551281447397, -0.8206173620853441, -0.001566647577876279,
        0.9997116067625549, 0.02396349138997808]
    - !!python/object/apply:sip._unpickle_type
      - PyKDL
      - Vector
      - !!python/tuple [0.5106697118604474, 0.7936558771900645, 0.5501581596842795]
  node: !!python/object/apply:sip._unpickle_type
  - PyKDL
  - Frame
  - !!python/tuple
    - !!python/object/apply:sip._unpickle_type
      - PyKDL
      - Rotation
      - !!python/tuple [0.9999998422985698, 0.00014573707809086982, 0.0005423684540997401,
        -0.00014497129275142058, 0.9999989930429601, -0.0014116998229987852, -0.0005425736449653521,
        0.0014116209725157655, 0.9999988564693812]
    - !!python/object/apply:sip._unpickle_type
      - PyKDL
      - Vector
      - !!python/tuple [0.5000015968792306, 0.7999956496722862, 0.3999999825980433]
