base_link: wam/base_link
base_tform: !!python/object/apply:sip._unpickle_type
- PyKDL
- Frame
- !!python/tuple
  - !!python/object/apply:sip._unpickle_type
    - PyKDL
    - Rotation
    - !!python/tuple [2.220446049250313e-16, -2.220446049250313e-16, 1.0, 1.0, 0.0,
      -2.220446049250313e-16, 0.0, 1.0, 2.220446049250313e-16]
  - !!python/object/apply:sip._unpickle_type
    - PyKDL
    - Vector
    - !!python/tuple [0.0, 0.46, 1.0]
diff_indices:
  agent: !!python/tuple [16, 24]
  diff_agent: !!python/tuple [32, 25]
  diff_link: !!python/tuple [16, 9]
  diff_node: !!python/tuple [24, 17]
  link: !!python/tuple [0, 8]
  node: !!python/tuple [8, 16]
end_link: wam/wrist_palm_link
gripper_cmds: []
indices:
  agent: !!python/tuple [16, 24]
  link: !!python/tuple [0, 8]
  node: !!python/tuple [8, 16]
joint_states:
- &id001 !!python/object/new:sensor_msgs.msg._JointState.JointState
  state:
  - !!python/object/new:std_msgs.msg._Header.Header
    state:
    - 4953482
    - !!python/object/new:genpy.rostime.Time
      state: [1456269530, 242959486]
    - ''
  - [wam/base_yaw_joint, wam/shoulder_pitch_joint, wam/shoulder_yaw_joint, wam/elbow_pitch_joint,
    wam/wrist_yaw_joint, wam/wrist_pitch_joint, wam/palm_yaw_joint]
  - !!python/tuple [0.9160769182715107, -1.157080117411832, -1.0059365003543004, 2.069963806963713,
    -0.9457555525652621, 0.9284785123237933, 1.5219209993333216]
  - !!python/tuple [0.001017760124907953, 0.0006222184602501064, -0.00027290133818587653,
    -0.003783967011830105, 0.004279630250438026, 0.006070330046755907, -0.00024069479923971926]
  - !!python/tuple [-7.861123757368776, 7.904980823413769, 3.5330019422892285, 3.5933588832457657,
    -0.23926166397299142, -0.011297283822939583, 0.2994554551411168]
- *id001
- *id001
- *id001
- *id001
- *id001
- *id001
manip_obj: null
max_index: 24
objects: {agent: wam/wrist_palm_link, link: gbeam_link_1/gbeam_link, node: gbeam_node_2/gbeam_node}
robot_description_param: robot_description
times:
- &id002 !!python/object/new:rospy.rostime.Time
  state: [1456269530, 241459486]
- *id002
- *id002
- *id002
- *id002
- *id002
- *id002
world_frame: /world
world_states:
- agent: !!python/object/apply:sip._unpickle_type
  - PyKDL
  - Frame
  - !!python/tuple
    - !!python/object/apply:sip._unpickle_type
      - PyKDL
      - Rotation
      - !!python/tuple [-0.06250916136929284, 0.7707806346697855, -0.6340266697568413,
        -0.0726032464565064, 0.630074077277936, 0.7731335109451238, 0.9954001071674063,
        0.09436032196003058, 0.01657577421165811]
    - !!python/object/apply:sip._unpickle_type
      - PyKDL
      - Vector
      - !!python/tuple [0.6867286731426497, 0.4756131493680842, 0.5627981931544795]
  link: !!python/object/apply:sip._unpickle_type
  - PyKDL
  - Frame
  - !!python/tuple
    - !!python/object/apply:sip._unpickle_type
      - PyKDL
      - Rotation
      - !!python/tuple [0.7942855110349183, -0.05725679725147664, 0.6048406287018939,
        0.6023916762785084, -0.05516758301707639, -0.79629191012745, 0.07896072004717086,
        0.9968340869736335, -0.00932779379462409]
    - !!python/object/apply:sip._unpickle_type
      - PyKDL
      - Vector
      - !!python/tuple [0.5943507516435259, 0.600758140590398, 0.5482965222587957]
  node: !!python/object/apply:sip._unpickle_type
  - PyKDL
  - Frame
  - !!python/tuple
    - !!python/object/apply:sip._unpickle_type
      - PyKDL
      - Rotation
      - !!python/tuple [0.9999999619893764, 0.00023494058555323293, 0.00014430581131523955,
        -0.0002351177472581333, 0.9999992172682824, 0.0012288948155307778, -0.00014401698109495984,
        -0.001228928697676992, 0.9999992344963896]
    - !!python/object/apply:sip._unpickle_type
      - PyKDL
      - Vector
      - !!python/tuple [0.600002702138516, 0.6000235643450333, 0.3999938507659408]
- agent: !!python/object/apply:sip._unpickle_type
  - PyKDL
  - Frame
  - !!python/tuple
    - !!python/object/apply:sip._unpickle_type
      - PyKDL
      - Rotation
      - !!python/tuple [-0.06250916136929284, 0.7707806346697855, -0.6340266697568413,
        -0.0726032464565064, 0.630074077277936, 0.7731335109451238, 0.9954001071674063,
        0.09436032196003058, 0.01657577421165811]
    - !!python/object/apply:sip._unpickle_type
      - PyKDL
      - Vector
      - !!python/tuple [0.6867286731426497, 0.4756131493680842, 0.5627981931544795]
  link: !!python/object/apply:sip._unpickle_type
  - PyKDL
  - Frame
  - !!python/tuple
    - !!python/object/apply:sip._unpickle_type
      - PyKDL
      - Rotation
      - !!python/tuple [0.7942855110349183, -0.05725679725147664, 0.6048406287018939,
        0.6023916762785084, -0.05516758301707639, -0.79629191012745, 0.07896072004717086,
        0.9968340869736335, -0.00932779379462409]
    - !!python/object/apply:sip._unpickle_type
      - PyKDL
      - Vector
      - !!python/tuple [0.5943507516435259, 0.600758140590398, 0.5482965222587957]
  node: !!python/object/apply:sip._unpickle_type
  - PyKDL
  - Frame
  - !!python/tuple
    - !!python/object/apply:sip._unpickle_type
      - PyKDL
      - Rotation
      - !!python/tuple [0.9999999619893764, 0.00023494058555323293, 0.00014430581131523955,
        -0.0002351177472581333, 0.9999992172682824, 0.0012288948155307778, -0.00014401698109495984,
        -0.001228928697676992, 0.9999992344963896]
    - !!python/object/apply:sip._unpickle_type
      - PyKDL
      - Vector
      - !!python/tuple [0.600002702138516, 0.6000235643450333, 0.3999938507659408]
- agent: !!python/object/apply:sip._unpickle_type
  - PyKDL
  - Frame
  - !!python/tuple
    - !!python/object/apply:sip._unpickle_type
      - PyKDL
      - Rotation
      - !!python/tuple [-0.06250916136929284, 0.7707806346697855, -0.6340266697568413,
        -0.0726032464565064, 0.630074077277936, 0.7731335109451238, 0.9954001071674063,
        0.09436032196003058, 0.01657577421165811]
    - !!python/object/apply:sip._unpickle_type
      - PyKDL
      - Vector
      - !!python/tuple [0.6867286731426497, 0.4756131493680842, 0.5627981931544795]
  link: !!python/object/apply:sip._unpickle_type
  - PyKDL
  - Frame
  - !!python/tuple
    - !!python/object/apply:sip._unpickle_type
      - PyKDL
      - Rotation
      - !!python/tuple [0.7942855110349183, -0.05725679725147664, 0.6048406287018939,
        0.6023916762785084, -0.05516758301707639, -0.79629191012745, 0.07896072004717086,
        0.9968340869736335, -0.00932779379462409]
    - !!python/object/apply:sip._unpickle_type
      - PyKDL
      - Vector
      - !!python/tuple [0.5943507516435259, 0.600758140590398, 0.5482965222587957]
  node: !!python/object/apply:sip._unpickle_type
  - PyKDL
  - Frame
  - !!python/tuple
    - !!python/object/apply:sip._unpickle_type
      - PyKDL
      - Rotation
      - !!python/tuple [0.9999999619893764, 0.00023494058555323293, 0.00014430581131523955,
        -0.0002351177472581333, 0.9999992172682824, 0.0012288948155307778, -0.00014401698109495984,
        -0.001228928697676992, 0.9999992344963896]
    - !!python/object/apply:sip._unpickle_type
      - PyKDL
      - Vector
      - !!python/tuple [0.600002702138516, 0.6000235643450333, 0.3999938507659408]
- agent: !!python/object/apply:sip._unpickle_type
  - PyKDL
  - Frame
  - !!python/tuple
    - !!python/object/apply:sip._unpickle_type
      - PyKDL
      - Rotation
      - !!python/tuple [-0.06250916136929284, 0.7707806346697855, -0.6340266697568413,
        -0.0726032464565064, 0.630074077277936, 0.7731335109451238, 0.9954001071674063,
        0.09436032196003058, 0.01657577421165811]
    - !!python/object/apply:sip._unpickle_type
      - PyKDL
      - Vector
      - !!python/tuple [0.6867286731426497, 0.4756131493680842, 0.5627981931544795]
  link: !!python/object/apply:sip._unpickle_type
  - PyKDL
  - Frame
  - !!python/tuple
    - !!python/object/apply:sip._unpickle_type
      - PyKDL
      - Rotation
      - !!python/tuple [0.7942855110349183, -0.05725679725147664, 0.6048406287018939,
        0.6023916762785084, -0.05516758301707639, -0.79629191012745, 0.07896072004717086,
        0.9968340869736335, -0.00932779379462409]
    - !!python/object/apply:sip._unpickle_type
      - PyKDL
      - Vector
      - !!python/tuple [0.5943507516435259, 0.600758140590398, 0.5482965222587957]
  node: !!python/object/apply:sip._unpickle_type
  - PyKDL
  - Frame
  - !!python/tuple
    - !!python/object/apply:sip._unpickle_type
      - PyKDL
      - Rotation
      - !!python/tuple [0.9999999619893764, 0.00023494058555323293, 0.00014430581131523955,
        -0.0002351177472581333, 0.9999992172682824, 0.0012288948155307778, -0.00014401698109495984,
        -0.001228928697676992, 0.9999992344963896]
    - !!python/object/apply:sip._unpickle_type
      - PyKDL
      - Vector
      - !!python/tuple [0.600002702138516, 0.6000235643450333, 0.3999938507659408]
- agent: !!python/object/apply:sip._unpickle_type
  - PyKDL
  - Frame
  - !!python/tuple
    - !!python/object/apply:sip._unpickle_type
      - PyKDL
      - Rotation
      - !!python/tuple [-0.06250916136929284, 0.7707806346697855, -0.6340266697568413,
        -0.0726032464565064, 0.630074077277936, 0.7731335109451238, 0.9954001071674063,
        0.09436032196003058, 0.01657577421165811]
    - !!python/object/apply:sip._unpickle_type
      - PyKDL
      - Vector
      - !!python/tuple [0.6867286731426497, 0.4756131493680842, 0.5627981931544795]
  link: !!python/object/apply:sip._unpickle_type
  - PyKDL
  - Frame
  - !!python/tuple
    - !!python/object/apply:sip._unpickle_type
      - PyKDL
      - Rotation
      - !!python/tuple [0.7942855110349183, -0.05725679725147664, 0.6048406287018939,
        0.6023916762785084, -0.05516758301707639, -0.79629191012745, 0.07896072004717086,
        0.9968340869736335, -0.00932779379462409]
    - !!python/object/apply:sip._unpickle_type
      - PyKDL
      - Vector
      - !!python/tuple [0.5943507516435259, 0.600758140590398, 0.5482965222587957]
  node: !!python/object/apply:sip._unpickle_type
  - PyKDL
  - Frame
  - !!python/tuple
    - !!python/object/apply:sip._unpickle_type
      - PyKDL
      - Rotation
      - !!python/tuple [0.9999999619893764, 0.00023494058555323293, 0.00014430581131523955,
        -0.0002351177472581333, 0.9999992172682824, 0.0012288948155307778, -0.00014401698109495984,
        -0.001228928697676992, 0.9999992344963896]
    - !!python/object/apply:sip._unpickle_type
      - PyKDL
      - Vector
      - !!python/tuple [0.600002702138516, 0.6000235643450333, 0.3999938507659408]
- agent: !!python/object/apply:sip._unpickle_type
  - PyKDL
  - Frame
  - !!python/tuple
    - !!python/object/apply:sip._unpickle_type
      - PyKDL
      - Rotation
      - !!python/tuple [-0.06250916136929284, 0.7707806346697855, -0.6340266697568413,
        -0.0726032464565064, 0.630074077277936, 0.7731335109451238, 0.9954001071674063,
        0.09436032196003058, 0.01657577421165811]
    - !!python/object/apply:sip._unpickle_type
      - PyKDL
      - Vector
      - !!python/tuple [0.6867286731426497, 0.4756131493680842, 0.5627981931544795]
  link: !!python/object/apply:sip._unpickle_type
  - PyKDL
  - Frame
  - !!python/tuple
    - !!python/object/apply:sip._unpickle_type
      - PyKDL
      - Rotation
      - !!python/tuple [0.7942855110349183, -0.05725679725147664, 0.6048406287018939,
        0.6023916762785084, -0.05516758301707639, -0.79629191012745, 0.07896072004717086,
        0.9968340869736335, -0.00932779379462409]
    - !!python/object/apply:sip._unpickle_type
      - PyKDL
      - Vector
      - !!python/tuple [0.5943507516435259, 0.600758140590398, 0.5482965222587957]
  node: !!python/object/apply:sip._unpickle_type
  - PyKDL
  - Frame
  - !!python/tuple
    - !!python/object/apply:sip._unpickle_type
      - PyKDL
      - Rotation
      - !!python/tuple [0.9999999619893764, 0.00023494058555323293, 0.00014430581131523955,
        -0.0002351177472581333, 0.9999992172682824, 0.0012288948155307778, -0.00014401698109495984,
        -0.001228928697676992, 0.9999992344963896]
    - !!python/object/apply:sip._unpickle_type
      - PyKDL
      - Vector
      - !!python/tuple [0.600002702138516, 0.6000235643450333, 0.3999938507659408]
- agent: !!python/object/apply:sip._unpickle_type
  - PyKDL
  - Frame
  - !!python/tuple
    - !!python/object/apply:sip._unpickle_type
      - PyKDL
      - Rotation
      - !!python/tuple [-0.06250916136929284, 0.7707806346697855, -0.6340266697568413,
        -0.0726032464565064, 0.630074077277936, 0.7731335109451238, 0.9954001071674063,
        0.09436032196003058, 0.01657577421165811]
    - !!python/object/apply:sip._unpickle_type
      - PyKDL
      - Vector
      - !!python/tuple [0.6867286731426497, 0.4756131493680842, 0.5627981931544795]
  link: !!python/object/apply:sip._unpickle_type
  - PyKDL
  - Frame
  - !!python/tuple
    - !!python/object/apply:sip._unpickle_type
      - PyKDL
      - Rotation
      - !!python/tuple [0.7942855110349183, -0.05725679725147664, 0.6048406287018939,
        0.6023916762785084, -0.05516758301707639, -0.79629191012745, 0.07896072004717086,
        0.9968340869736335, -0.00932779379462409]
    - !!python/object/apply:sip._unpickle_type
      - PyKDL
      - Vector
      - !!python/tuple [0.5943507516435259, 0.600758140590398, 0.5482965222587957]
  node: !!python/object/apply:sip._unpickle_type
  - PyKDL
  - Frame
  - !!python/tuple
    - !!python/object/apply:sip._unpickle_type
      - PyKDL
      - Rotation
      - !!python/tuple [0.9999999619893764, 0.00023494058555323293, 0.00014430581131523955,
        -0.0002351177472581333, 0.9999992172682824, 0.0012288948155307778, -0.00014401698109495984,
        -0.001228928697676992, 0.9999992344963896]
    - !!python/object/apply:sip._unpickle_type
      - PyKDL
      - Vector
      - !!python/tuple [0.600002702138516, 0.6000235643450333, 0.3999938507659408]
